{
"lowlevel": {
    "average_loudness": 0.928634107113,
    "barkbands_crest": {
        "dmean": 3.11480569839,
        "dmean2": 5.02377223969,
        "dvar": 7.64161348343,
        "dvar2": 18.78748703,
        "max": 26.4017887115,
        "mean": 12.4509658813,
        "median": 11.9177293777,
        "min": 2.30233478546,
        "var": 22.1853942871
    },
    "barkbands_flatness_db": {
        "dmean": 0.0228063128889,
        "dmean2": 0.0341092981398,
        "dvar": 0.000423064106144,
        "dvar2": 0.000914804521017,
        "max": 0.376757442951,
        "mean": 0.134359300137,
        "median": 0.128541529179,
        "min": 0.0287303123623,
        "var": 0.002139484277
    },
    "barkbands_kurtosis": {
        "dmean": 3.42355632782,
        "dmean2": 5.31869125366,
        "dvar": 45.6782608032,
        "dvar2": 105.337532043,
        "max": 189.244354248,
        "mean": 4.91709804535,
        "median": 2.46386814117,
        "min": -1.93399369717,
        "var": 99.0439910889
    },
    "barkbands_skewness": {
        "dmean": 0.609586894512,
        "dmean2": 0.913882732391,
        "dvar": 0.413854062557,
        "dvar2": 0.926783442497,
        "max": 12.5620985031,
        "mean": 1.74808561802,
        "median": 1.57167077065,
        "min": -2.15287780762,
        "var": 1.48248553276
    },
    "barkbands_spread": {
        "dmean": 7.207072258,
        "dmean2": 10.8941001892,
        "dvar": 60.0111656189,
        "dvar2": 134.804794312,
        "max": 117.975364685,
        "mean": 25.3776416779,
        "median": 23.4465007782,
        "min": 0.71322876215,
        "var": 176.071228027
    },
    "dissonance": {
        "dmean": 0.0253733675927,
        "dmean2": 0.0426235198975,
        "dvar": 0.000583783257753,
        "dvar2": 0.00156690704171,
        "max": 0.500000119209,
        "mean": 0.454181164503,
        "median": 0.462567150593,
        "min": 0.196319296956,
        "var": 0.00115601776633
    },
    "dynamic_complexity": 2.41826725006,
    "erbbands_crest": {
        "dmean": 3.6345076561,
        "dmean2": 5.80039787292,
        "dvar": 11.1646203995,
        "dvar2": 26.4032611847,
        "max": 32.3894729614,
        "mean": 10.8908424377,
        "median": 9.47715473175,
        "min": 2.33622717857,
        "var": 29.6191368103
    },
    "erbbands_flatness_db": {
        "dmean": 0.0199178475887,
        "dmean2": 0.0291890762746,
        "dvar": 0.000348566478351,
        "dvar2": 0.000692898756824,
        "max": 0.398248285055,
        "mean": 0.145882681012,
        "median": 0.138837009668,
        "min": 0.0502258315682,
        "var": 0.00185041490477
    },
    "erbbands_kurtosis": {
        "dmean": 1.62301516533,
        "dmean2": 2.52512812614,
        "dvar": 8.52698707581,
        "dvar2": 19.6922836304,
        "max": 75.9237060547,
        "mean": 1.24280035496,
        "median": -0.0123704420403,
        "min": -1.84307956696,
        "var": 18.5852012634
    },
    "erbbands_skewness": {
        "dmean": 0.49379503727,
        "dmean2": 0.751460194588,
        "dvar": 0.219761162996,
        "dvar2": 0.504062712193,
        "max": 7.69304466248,
        "mean": 0.745968520641,
        "median": 0.643933773041,
        "min": -3.88418221474,
        "var": 0.872200787067
    },
    "erbbands_spread": {
        "dmean": 11.9437599182,
        "dmean2": 17.6862354279,
        "dvar": 140.662338257,
        "dvar2": 291.269256592,
        "max": 153.225982666,
        "mean": 47.1337356567,
        "median": 43.4743423462,
        "min": 2.37223505974,
        "var": 580.982421875
    },
    "hfc": {
        "dmean": 7.42510414124,
        "dmean2": 10.2636575699,
        "dvar": 57.5527839661,
        "dvar2": 116.744369507,
        "max": 148.984237671,
        "mean": 24.1421775818,
        "median": 22.6175880432,
        "min": 1.05717599812e-016,
        "var": 214.224151611
    },
    "melbands_crest": {
        "dmean": 3.87528133392,
        "dmean2": 6.32697200775,
        "dvar": 11.9799232483,
        "dvar2": 29.9794635773,
        "max": 34.2908630371,
        "mean": 16.4957675934,
        "median": 15.8994159698,
        "min": 1.73442840576,
        "var": 32.2222251892
    },
    "melbands_flatness_db": {
        "dmean": 0.0273461360484,
        "dmean2": 0.0401264876127,
        "dvar": 0.000630122784059,
        "dvar2": 0.00134271371644,
        "max": 0.435755908489,
        "mean": 0.196536332369,
        "median": 0.193303093314,
        "min": 0.00336964125745,
        "var": 0.00320421345532
    },
    "melbands_kurtosis": {
        "dmean": 10.046631813,
        "dmean2": 15.6340045929,
        "dvar": 321.954620361,
        "dvar2": 760.836975098,
        "max": 492.250701904,
        "mean": 17.9789886475,
        "median": 10.6156101227,
        "min": -1.78379046917,
        "var": 635.145324707
    },
    "melbands_skewness": {
        "dmean": 0.945214629173,
        "dmean2": 1.42554557323,
        "dvar": 1.00937795639,
        "dvar2": 2.25291585922,
        "max": 16.8518161774,
        "mean": 3.00832080841,
        "median": 2.70277762413,
        "min": -1.4760787487,
        "var": 3.44557976723
    },
    "melbands_spread": {
        "dmean": 7.24053382874,
        "dmean2": 11.0711536407,
        "dvar": 82.080039978,
        "dvar2": 189.089859009,
        "max": 244.342529297,
        "mean": 22.7125282288,
        "median": 19.8910636902,
        "min": 0.789954781532,
        "var": 236.566955566
    },
    "pitch_salience": {
        "dmean": 0.0744535773993,
        "dmean2": 0.11990583688,
        "dvar": 0.00450595468283,
        "dvar2": 0.0111769810319,
        "max": 0.996783554554,
        "mean": 0.476675599813,
        "median": 0.478643447161,
        "min": 0.078410834074,
        "var": 0.012665912509
    },
    "silence_rate_20dB": {
        "dmean": 0,
        "dmean2": 0,
        "dvar": 0,
        "dvar2": 0,
        "max": 1,
        "mean": 1,
        "median": 1,
        "min": 1,
        "var": 0
    },
    "silence_rate_30dB": {
        "dmean": 0.00340534211136,
        "dmean2": 0.00681104650721,
        "dvar": 0.00339360721409,
        "dvar2": 0.00857327971607,
        "max": 1,
        "mean": 0.997286498547,
        "median": 1,
        "min": 0,
        "var": 0.00270636798814
    },
    "silence_rate_60dB": {
        "dmean": 0.00712993508205,
        "dmean2": 0.014260629192,
        "dvar": 0.00707756029442,
        "dvar2": 0.0169333014637,
        "max": 1,
        "mean": 0.0297951586545,
        "median": 0,
        "min": 0,
        "var": 0.0289045739919
    },
    "spectral_centroid": {
        "dmean": 303.271057129,
        "dmean2": 461.277069092,
        "dvar": 92009.421875,
        "dvar2": 207047.0625,
        "max": 11521.1884766,
        "mean": 1398.71850586,
        "median": 1282.57336426,
        "min": 300.210662842,
        "var": 587756.6875
    },
    "spectral_complexity": {
        "dmean": 3.47813129425,
        "dmean2": 5.30037784576,
        "dvar": 11.8357715607,
        "dvar2": 25.3197059631,
        "max": 47,
        "mean": 15.8755521774,
        "median": 15,
        "min": 0,
        "var": 49.4576911926
    },
    "spectral_decrease": {
        "dmean": 2.58692067767e-009,
        "dmean2": 3.90134058392e-009,
        "dvar": 7.94932810937e-018,
        "dvar2": 1.80365227098e-017,
        "max": 1.13913203369e-025,
        "mean": -8.50635384353e-009,
        "median": -8.06592748148e-009,
        "min": -4.19110293137e-008,
        "var": 2.47834015238e-017
    },
    "spectral_energy": {
        "dmean": 0.0102098174393,
        "dmean2": 0.0153047088534,
        "dvar": 0.00012239573698,
        "dvar2": 0.000275895232335,
        "max": 0.171695172787,
        "mean": 0.0342948324978,
        "median": 0.0324892364442,
        "min": 9.91765159085e-021,
        "var": 0.000387803564081
    },
    "spectral_energyband_high": {
        "dmean": 0.000482958304929,
        "dmean2": 0.000661475234665,
        "dvar": 2.92859738238e-007,
        "dvar2": 5.69317478494e-007,
        "max": 0.00787442456931,
        "mean": 0.001232007402,
        "median": 0.00104473391548,
        "min": 7.00992352183e-021,
        "var": 8.92336629477e-007
    },
    "spectral_energyband_low": {
        "dmean": 0.0050682220608,
        "dmean2": 0.00811263546348,
        "dvar": 5.21679212397e-005,
        "dvar2": 0.000129356631078,
        "max": 0.0868208482862,
        "mean": 0.0129561154172,
        "median": 0.0129409395158,
        "min": 1.49906259632e-023,
        "var": 0.000128522849991
    },
    "spectral_energyband_middle_high": {
        "dmean": 0.0023619546555,
        "dmean2": 0.00343422591686,
        "dvar": 1.23593645185e-005,
        "dvar2": 2.71973167401e-005,
        "max": 0.070944018662,
        "mean": 0.00514883501455,
        "median": 0.00313357030973,
        "min": 1.24899334857e-021,
        "var": 3.70280322386e-005
    },
    "spectral_energyband_middle_low": {
        "dmean": 0.00724834948778,
        "dmean2": 0.0110406270251,
        "dvar": 9.95471054921e-005,
        "dvar2": 0.000225936542847,
        "max": 0.152226001024,
        "mean": 0.0154783986509,
        "median": 0.0107660302892,
        "min": 1.45185924234e-022,
        "var": 0.000228114105994
    },
    "spectral_entropy": {
        "dmean": 0.185354813933,
        "dmean2": 0.265100002289,
        "dvar": 0.0286375135183,
        "dvar2": 0.0564987547696,
        "max": 9.8213224411,
        "mean": 7.71267127991,
        "median": 7.73492288589,
        "min": 5.60898637772,
        "var": 0.149925380945
    },
    "spectral_flux": {
        "dmean": 0.0277937222272,
        "dmean2": 0.043567109853,
        "dvar": 0.000714979309123,
        "dvar2": 0.00168175192084,
        "max": 0.298369288445,
        "mean": 0.0945364162326,
        "median": 0.0893844887614,
        "min": 6.43412961798e-011,
        "var": 0.00188545684796
    },
    "spectral_kurtosis": {
        "dmean": 0.810279250145,
        "dmean2": 1.27547752857,
        "dvar": 0.720829367638,
        "dvar2": 1.83150374889,
        "max": 14.738817215,
        "mean": 2.00981283188,
        "median": 1.81326329708,
        "min": -1.25162303448,
        "var": 2.23441958427
    },
    "spectral_rms": {
        "dmean": 0.000849643605761,
        "dmean2": 0.00124546338338,
        "dvar": 6.68938071158e-007,
        "dvar2": 1.41740508752e-006,
        "max": 0.0129424687475,
        "mean": 0.00550323491916,
        "median": 0.00562999257818,
        "min": 3.11058795908e-012,
        "var": 3.1728511658e-006
    },
    "spectral_rolloff": {
        "dmean": 599.738098145,
        "dmean2": 1018.20123291,
        "dvar": 1264879.875,
        "dvar2": 2904333.5,
        "max": 19573.6816406,
        "mean": 1379.67687988,
        "median": 818.26171875,
        "min": 64.599609375,
        "var": 2957166.25
    },
    "spectral_skewness": {
        "dmean": 0.171202301979,
        "dmean2": 0.260851740837,
        "dvar": 0.0249434150755,
        "dvar2": 0.0554969459772,
        "max": 3.02281045914,
        "mean": 1.21813476086,
        "median": 1.20131015778,
        "min": -0.0561293549836,
        "var": 0.0988295227289
    },
    "spectral_spread": {
        "dmean": 686683.5625,
        "dmean2": 970661.25,
        "dvar": 598591209472,
        "dvar2": 1.06723331277e+012,
        "max": 42381560,
        "mean": 6157137.5,
        "median": 5852683.5,
        "min": 2423423.25,
        "var": 6.26522272563e+012
    },
    "spectral_strongpeak": {
        "dmean": 0.614345908165,
        "dmean2": 1.03345608711,
        "dvar": 1.06926298141,
        "dvar2": 2.50635313988,
        "max": 11.3307361603,
        "mean": 1.00656843185,
        "median": 0.435535699129,
        "min": 0,
        "var": 1.70208394527
    },
    "zerocrossingrate": {
        "dmean": 0.0123009774834,
        "dmean2": 0.0143782757223,
        "dvar": 0.000185161043191,
        "dvar2": 0.000234928738791,
        "max": 0.52880859375,
        "mean": 0.0662083625793,
        "median": 0.05908203125,
        "min": 0.0029296875,
        "var": 0.00168167927768
    },
    "barkbands": {
        "dmean": [0.000408405379858, 0.00477041583508, 0.000445378653239, 0.00032379309414, 0.00311615271494, 0.00113360735122, 0.00137054314837, 0.0016981351655, 0.00234022689983, 0.00117745250463, 0.000869400624651, 0.000387563195545, 0.000297978054732, 0.000422669225372, 0.000290929718176, 0.000164641052834, 0.000151548199938, 0.000182503994438, 0.00016752112424, 0.000173460211954, 9.20469610719e-005, 0.000138989606057, 0.000109036132926, 0.000120603064715, 6.72824098729e-005, 1.55538473336e-005, 1.84752695986e-006],
        "dmean2": [0.000687008316163, 0.00773795321584, 0.000765912351198, 0.000563041132409, 0.00497761834413, 0.0018011929933, 0.00219610752538, 0.00270780362189, 0.00362994149327, 0.00183987210039, 0.00133965327404, 0.000614806718659, 0.000477159948787, 0.000672435096931, 0.000459838483948, 0.000262584828306, 0.000240426656092, 0.000293443765258, 0.000260628410615, 0.00026930871536, 0.000144262332469, 0.000203692965442, 0.000159832634381, 0.000169613049366, 9.46862492128e-005, 2.14488791244e-005, 2.59520311374e-006],
        "dvar": [6.45183433789e-007, 4.93592597195e-005, 4.93775075938e-007, 2.13405030536e-007, 2.8755825042e-005, 5.15226201969e-006, 1.33784615173e-005, 1.76216217369e-005, 3.6833123886e-005, 1.44428886415e-005, 5.2282039178e-006, 1.2007631085e-006, 4.79273467135e-007, 1.33458263463e-006, 4.76605237054e-007, 1.45756459347e-007, 1.07581769271e-007, 2.08933400359e-007, 1.06072690187e-007, 9.43934921338e-008, 1.85454318569e-008, 2.84617929225e-008, 1.86536066593e-008, 3.37853229837e-008, 8.45528447257e-009, 1.05543340734e-009, 1.93056334807e-011],
        "dvar2": [1.68864335137e-006, 0.000124869242427, 1.35981133553e-006, 6.03183821113e-007, 6.87178835506e-005, 1.22886640384e-005, 2.99891071336e-005, 4.24194367952e-005, 8.47095798235e-005, 3.31464470946e-005, 1.16044384413e-005, 2.87835678137e-006, 1.1429750657e-006, 3.23168978866e-006, 1.11461486085e-006, 3.49276888301e-007, 2.60248071982e-007, 5.31230796241e-007, 2.51570668297e-007, 2.26377636636e-007, 4.37964331468e-008, 6.1080399405e-008, 4.00431225955e-008, 6.34715959791e-008, 1.63711106893e-008, 2.04490224753e-009, 3.87579100758e-011],
        "max": [0.01334737055, 0.0820116698742, 0.0133677897975, 0.00757602555677, 0.10330953449, 0.0588414557278, 0.122161574662, 0.0995594859123, 0.121602535248, 0.0914367958903, 0.066472299397, 0.028894983232, 0.0242907237262, 0.0430201999843, 0.0290309432894, 0.0123251639307, 0.00766779994592, 0.0159177612513, 0.00950297806412, 0.00851077772677, 0.0048324870877, 0.00343701406382, 0.00337563059293, 0.00496172579005, 0.00203108042479, 0.00116788770538, 0.000144365316373],
        "mean": [0.000504078285303, 0.0115454923362, 0.000744636228774, 0.000439203024143, 0.00491458782926, 0.00163108902052, 0.00191759690642, 0.00252354377881, 0.00315492367372, 0.00148053560406, 0.00119196204469, 0.000505520903971, 0.000401913945097, 0.000545989489183, 0.000399952667067, 0.000227005715715, 0.000225845273235, 0.000256036611972, 0.000284428388113, 0.000320251565427, 0.000180610644748, 0.000269038806437, 0.000220573827391, 0.000244335387833, 0.000137134615215, 2.55646154983e-005, 2.99123962577e-006],
        "median": [0.000146541089634, 0.0114511288702, 0.000516420928761, 0.000253678881563, 0.00242446968332, 0.000673775328323, 0.000506180222146, 0.000711443659384, 0.00076830748003, 0.000282841152512, 0.000260871427599, 0.000120696953672, 0.000109030093881, 0.000113015019451, 0.000106355262687, 7.10673848516e-005, 8.54360696394e-005, 0.000105392391561, 0.000122399767861, 0.000177510024514, 0.000115480434033, 0.00019709476328, 0.000168936094269, 0.000154064546223, 9.44958374021e-005, 9.16236967896e-006, 9.84161033557e-007],
        "min": [9.69363718819e-025, 4.47531293243e-025, 1.20289100145e-024, 3.22425556322e-024, 1.02297683586e-023, 7.9652721327e-024, 8.80813451119e-024, 6.5588096582e-024, 1.26551858983e-023, 9.76272325968e-024, 2.0152324304e-023, 2.25676318024e-023, 4.81928442972e-023, 2.55934592656e-023, 3.88094006275e-023, 6.00878570059e-023, 9.88861757155e-023, 9.32494048271e-023, 1.22169815541e-022, 1.89468435511e-022, 2.71756498153e-022, 2.88023112942e-022, 4.15474737207e-022, 6.50798836723e-022, 9.34025044272e-022, 1.13521633149e-021, 1.73126801944e-021],
        "var": [8.48065837999e-007, 0.000112748391984, 7.41518078939e-007, 3.03503270516e-007, 5.10444297106e-005, 8.4918929133e-006, 2.54227343248e-005, 3.31434057443e-005, 5.91618409089e-005, 2.09282134165e-005, 1.00047491287e-005, 1.65342794389e-006, 7.4915908499e-007, 1.91869162336e-006, 7.78806963808e-007, 2.35716896668e-007, 1.78091468683e-007, 2.38799771068e-007, 2.33221982171e-007, 2.20336872303e-007, 4.42538627965e-008, 6.35208934341e-008, 3.91062187077e-008, 9.02492303112e-008, 2.44661251259e-008, 2.44915199232e-009, 4.66250232867e-011]
    },
    "erbbands": {
        "dmean": [0.190115094185, 0.928091466427, 0.6789752841, 0.733064115047, 3.58377289772, 13.6214809418, 17.2133846283, 5.23829364777, 11.0759601593, 36.8228645325, 26.9381313324, 48.4203071594, 60.3332176208, 26.5940761566, 23.811252594, 17.5856895447, 12.5057525635, 22.8887672424, 17.1670970917, 9.61062335968, 7.91729402542, 8.69371891022, 9.72490596771, 6.65406513214, 9.79783535004, 8.47381019592, 4.51546096802, 3.13529801369, 4.52768278122, 5.05381393433, 2.75617051125, 2.29868602753, 2.2457883358, 1.08837807178, 0.273958832026, 0.0940311178565, 0.0232559628785, 0.00399339618161, 0.000317538244417, 1.78610571311e-005],
        "dmean2": [0.313098937273, 1.50555896759, 1.12227213383, 1.26394808292, 5.76920700073, 21.8156032562, 27.5055046082, 8.43379497528, 17.6026687622, 59.0431289673, 42.5569725037, 74.5014877319, 92.1404037476, 41.2333602905, 36.6019477844, 27.5802268982, 19.5020713806, 36.1328010559, 26.8378047943, 14.9081306458, 12.6430940628, 13.7167062759, 15.4779672623, 10.4613828659, 15.1891498566, 13.1978750229, 7.02842664719, 4.89900445938, 6.71714448929, 7.31408309937, 4.07632541656, 3.30388903618, 3.1740026474, 1.53702294827, 0.377686142921, 0.129692837596, 0.0324168615043, 0.00549865933135, 0.000443947094027, 2.54770238826e-005],
        "dvar": [0.0928534939885, 1.85319554806, 0.960739970207, 0.99193406105, 37.7166595459, 707.848632813, 1084.57983398, 102.894592285, 836.885681152, 9197.06835938, 3617.52807617, 14979.1992188, 36899.1796875, 4210.09472656, 4295.15917969, 2351.15820313, 712.625366211, 4164.07421875, 1856.43847656, 515.384765625, 409.112884521, 402.105285645, 608.810668945, 205.987747192, 394.456481934, 239.221191406, 51.2524757385, 19.0863609314, 29.3300113678, 37.512424469, 12.8107347488, 13.8638906479, 11.6098194122, 2.26679468155, 0.160416081548, 0.0323455817997, 0.00306535349227, 9.88045358099e-005, 5.00165526773e-007, 4.55202681104e-010],
        "dvar2": [0.233570307493, 4.74942874908, 2.53589868546, 2.82616710663, 90.4486083984, 1692.11413574, 2574.67871094, 249.754699707, 1832.86132813, 21721.1074219, 8620.09765625, 33531.7148438, 82178.203125, 9218.859375, 9784.17480469, 5637.49462891, 1682.22570801, 10009.7929688, 4349.97607422, 1188.51721191, 997.74987793, 983.343261719, 1552.11120605, 519.325073242, 932.393859863, 581.819580078, 121.741203308, 45.7302474976, 63.656047821, 78.9989852905, 27.8870429993, 28.6575489044, 22.2385902405, 4.34297418594, 0.30707487464, 0.0642458423972, 0.00598827889189, 0.000187148238183, 9.81840685199e-007, 9.02840802119e-010],
        "max": [3.66494965553, 15.0003643036, 18.0848464966, 17.881362915, 107.46055603, 481.097900391, 781.327636719, 211.375579834, 1222.43017578, 2510.29174805, 1286.80822754, 2161.81518555, 4893.39648438, 1354.45922852, 2245.37719727, 1380.6394043, 809.450378418, 2446.93798828, 1757.38415527, 555.173461914, 844.210388184, 497.492279053, 969.025146484, 309.499298096, 504.815063477, 463.511322021, 206.063247681, 111.292556763, 98.2205276489, 76.8714675903, 103.665016174, 133.216552734, 72.185546875, 30.9954586029, 11.2808761597, 6.28834533691, 2.00725054741, 0.339598417282, 0.0219878926873, 0.000695454829838],
        "mean": [0.378924816847, 2.36060714722, 1.56935536861, 1.25784981251, 5.61356639862, 20.3624324799, 24.5825309753, 7.91662740707, 16.8522453308, 52.9690742493, 42.5343894958, 68.6072387695, 80.9847106934, 40.4071311951, 34.8183021545, 24.9111824036, 19.2040996552, 31.3334522247, 24.7856903076, 14.5541715622, 11.7752113342, 13.1648025513, 14.6030092239, 10.8801765442, 17.6120243073, 15.9543609619, 8.7573261261, 6.55132770538, 9.01945972443, 9.34233093262, 5.67822170258, 4.66368961334, 4.43896627426, 2.21956586838, 0.539977312088, 0.15839394927, 0.0377148203552, 0.00665053678676, 0.000533899990842, 5.80135383643e-005],
        "median": [0.260244905949, 2.19490194321, 1.3309649229, 0.892905831337, 2.73021960258, 8.19527053833, 10.2739486694, 3.92828917503, 5.38730478287, 14.5291719437, 15.882566452, 19.750793457, 16.1393375397, 11.4067173004, 9.91269016266, 7.14844465256, 6.47602272034, 7.21867418289, 7.14325094223, 4.97523260117, 4.07798433304, 5.47635936737, 6.58788394928, 5.19827604294, 7.48743104935, 8.91026592255, 5.12242937088, 4.81612682343, 6.84933614731, 6.45420789719, 4.3827085495, 3.187759161, 2.72326350212, 1.49734020233, 0.332469373941, 0.0645867958665, 0.0131839439273, 0.00241205352359, 0.000191284518223, 5.19414206792e-005],
        "min": [4.69317712541e-023, 1.39917380994e-022, 2.71710756843e-021, 5.07203119759e-021, 1.49067914555e-020, 2.74936288672e-020, 6.22095590708e-020, 6.2200033569e-020, 1.48211495046e-019, 1.44453510126e-019, 2.3758997582e-019, 3.39883576464e-019, 6.35500634146e-019, 6.29825761553e-019, 1.11672701757e-018, 1.0441172068e-018, 1.86554829371e-018, 1.65163049511e-018, 2.20389887185e-018, 3.12116813851e-018, 3.68736768433e-018, 5.61191215369e-018, 4.73242063919e-018, 7.26623739644e-018, 7.37513076099e-018, 9.07720789974e-018, 1.00233974686e-017, 1.18918694321e-017, 9.27115611078e-018, 1.111308633e-017, 1.14601489812e-017, 1.06395303924e-017, 1.04492399741e-017, 8.2334936011e-018, 6.47233591429e-018, 3.96548772656e-018, 2.23567977137e-018, 1.00181963637e-018, 2.46725177559e-019, 2.48100691676e-020],
        "var": [0.181310296059, 4.79676246643, 2.14011454582, 1.57182860374, 66.872718811, 1173.90087891, 1869.85327148, 157.070281982, 2035.52685547, 15662.2978516, 7083.28515625, 25820.3925781, 60306.859375, 8248.39550781, 8223.54003906, 3502.54785156, 1217.48022461, 6460.74267578, 3004.24780273, 952.819274902, 642.465087891, 589.464477539, 705.614257813, 303.640472412, 946.491699219, 543.253723145, 118.870429993, 43.0312232971, 66.2798995972, 77.7043228149, 26.7326374054, 30.6470012665, 31.1326255798, 6.47458982468, 0.44689065218, 0.0722014382482, 0.00709696160629, 0.000227119729971, 1.22547885439e-006, 1.56405000062e-009]
    },
    "gfcc": {
        "mean": [18.9623260498, 76.7677536011, -104.637008667, 38.6746025085, -75.3590011597, 23.2276000977, -31.6896743774, 14.5547418594, -18.0516853333, 1.144567132, -9.46684646606, -2.30985689163, -3.86455225945],
        "cov": [[6985.7421875, -40.9249305725, -189.998764038, 139.849365234, -152.650726318, 345.656402588, -93.4560852051, 248.015594482, -46.1682052612, 177.373596191, -80.4007568359, 119.387939453, -77.6458511353], [-40.9249305725, 802.499328613, -175.920257568, 107.133262634, 128.093811035, 38.911693573, 201.700515747, 35.9209403992, 132.434509277, -74.8797988892, 120.126304626, -73.6531906128, 61.2155227661], [-189.998764038, -175.920257568, 757.73236084, 108.56061554, -31.2305088043, 59.9408454895, -38.2540779114, 93.7908477783, 58.9596862793, 80.5128097534, -29.5164012909, 79.2632980347, -9.18190002441], [139.849365234, 107.133262634, 108.56061554, 354.036193848, 158.760025024, 80.828086853, 15.1070890427, 55.1418495178, 88.1267166138, 20.7032222748, 29.9627399445, 7.23889446259, 45.1402778625], [-152.650726318, 128.093811035, -31.2305088043, 158.760025024, 399.007995605, 156.305511475, 113.163803101, 62.5174980164, 72.7608108521, 29.2486438751, 30.3460044861, 13.9190807343, 19.9573440552], [345.656402588, 38.911693573, 59.9408454895, 80.828086853, 156.305511475, 341.232330322, 168.008117676, 84.9613113403, 30.2210769653, 18.337688446, 34.6149291992, 33.7517585754, 3.08492898941], [-93.4560852051, 201.700515747, -38.2540779114, 15.1070890427, 113.163803101, 168.008117676, 285.167510986, 97.2285766602, 37.8049125671, -8.2101726532, 54.7330055237, -0.862535834312, 2.9296734333], [248.015594482, 35.9209403992, 93.7908477783, 55.1418495178, 62.5174980164, 84.9613113403, 97.2285766602, 189.638092041, 115.028068542, 26.4394645691, 6.20523357391, 18.4639263153, 16.3333301544], [-46.1682052612, 132.434509277, 58.9596862793, 88.1267166138, 72.7608108521, 30.2210769653, 37.8049125671, 115.028068542, 193.275039673, 45.8792152405, 13.1482477188, -7.55283784866, 30.8406410217], [177.373596191, -74.8797988892, 80.5128097534, 20.7032222748, 29.2486438751, 18.337688446, -8.2101726532, 26.4394645691, 45.8792152405, 119.548988342, 21.4645614624, 15.4558000565, -23.2703514099], [-80.4007568359, 120.126304626, -29.5164012909, 29.9627399445, 30.3460044861, 34.6149291992, 54.7330055237, 6.20523357391, 13.1482477188, 21.4645614624, 124.624588013, 21.7197551727, 1.77153503895], [119.387939453, -73.6531906128, 79.2632980347, 7.23889446259, 13.9190807343, 33.7517585754, -0.862535834312, 18.4639263153, -7.55283784866, 15.4558000565, 21.7197551727, 115.840583801, 23.6339015961], [-77.6458511353, 61.2155227661, -9.18190002441, 45.1402778625, 19.9573440552, 3.08492898941, 2.9296734333, 16.3333301544, 30.8406410217, -23.2703514099, 1.77153503895, 23.6339015961, 90.4932556152]],
        "icov": [[0.000309970870148, -0.000538757187314, 0.000389764056308, -0.000308189861244, 0.000475909153465, -0.000625772518106, 0.000794280203991, -0.00116761820391, 0.00103125150781, -0.00109347212128, 0.00083520822227, -0.000625405344181, 0.000439444062067], [-0.000538757187314, 0.00396672869101, -0.000637937628198, 0.000260716304183, -0.00112977728713, 0.0017269605305, -0.0033743600361, 0.00367264472879, -0.00455123605207, 0.00443317741156, -0.00402468955144, 0.00272157555446, -0.00164467270952], [0.000389764056308, -0.000637937628198, 0.00233703409322, -0.0011283227941, 0.0012037436245, -0.00107884337194, 0.00125115097035, -0.00217366893776, 0.00123168691061, -0.00223048380576, 0.0018459809944, -0.002020890126, 0.00118738156743], [-0.000308189861244, 0.000260716304183, -0.0011283227941, 0.0047073662281, -0.00201455922797, -3.65321720892e-005, 0.000466663623229, 0.000938608660363, -0.00171783333644, 0.00127342331689, -0.00188153877389, 0.00156760180835, -0.00210208585486], [0.000475909153465, -0.00112977728713, 0.0012037436245, -0.00201455922797, 0.00473334034905, -0.00209821062163, 0.000458515132777, -0.0015343480045, 0.00109472428448, -0.00273130321875, 0.00212056841701, -0.00176842219662, 0.000934279698413], [-0.000625772518106, 0.0017269605305, -0.00107884337194, -3.65321720892e-005, -0.00209821062163, 0.00643335515633, -0.00449550524354, 0.00197309092619, -0.00179535220377, 0.00237302668393, -0.00202839123085, 0.000593794451561, -0.000656844989862], [0.000794280203991, -0.0033743600361, 0.00125115097035, 0.000466663623229, 0.000458515132777, -0.00449550524354, 0.010252549313, -0.00728368014097, 0.00509101804346, -0.00299822678789, 0.00110612378921, -0.00117386283819, 0.00167205242906], [-0.00116761820391, 0.00367264472879, -0.00217366893776, 0.000938608660363, -0.0015343480045, 0.00197309092619, -0.00728368014097, 0.0166441146284, -0.0116759119555, 0.00577291334048, -0.00278144795448, 0.00115656398702, -0.00145610561594], [0.00103125150781, -0.00455123605207, 0.00123168691061, -0.00171783333644, 0.00109472428448, -0.00179535220377, 0.00509101804346, -0.0116759119555, 0.0169251449406, -0.00944641139358, 0.00429220125079, -0.000550693075638, -0.00142970611341], [-0.00109347212128, 0.00443317741156, -0.00223048380576, 0.00127342331689, -0.00273130321875, 0.00237302668393, -0.00299822678789, 0.00577291334048, -0.00944641139358, 0.0179767590016, -0.0072532678023, 0.00197375775315, 0.00224654260091], [0.00083520822227, -0.00402468955144, 0.0018459809944, -0.00188153877389, 0.00212056841701, -0.00202839123085, 0.00110612378921, -0.00278144795448, 0.00429220125079, -0.0072532678023, 0.0148069607094, -0.00582350883633, 0.00253581162542], [-0.000625405344181, 0.00272157555446, -0.002020890126, 0.00156760180835, -0.00176842219662, 0.000593794451561, -0.00117386283819, 0.00115656398702, -0.000550693075638, 0.00197375775315, -0.00582350883633, 0.0141670145094, -0.0060563874431], [0.000439444062067, -0.00164467270952, 0.00118738156743, -0.00210208585486, 0.000934279698413, -0.000656844989862, 0.00167205242906, -0.00145610561594, -0.00142970611341, 0.00224654260091, 0.00253581162542, -0.0060563874431, 0.0163312871009]]
    },
    "melbands": {
        "dmean": [0.00149408204015, 0.000613610493019, 0.000158944865689, 0.00062923587393, 0.000594837008975, 0.000134134039399, 0.000199856585823, 0.000414292444475, 0.000192611434613, 0.000351893948391, 0.000296129815979, 0.0001018679759, 0.000105577273644, 3.4885993955e-005, 5.08328193973e-005, 3.08127455355e-005, 4.20605756517e-005, 2.79321084236e-005, 1.53543824126e-005, 1.12545976663e-005, 9.78704520094e-006, 9.20578713703e-006, 9.92400873656e-006, 8.67487233336e-006, 5.29259386894e-006, 7.35397452445e-006, 7.33606748327e-006, 5.73165880269e-006, 3.27841189574e-006, 2.29211286751e-006, 1.85623582638e-006, 2.26215138355e-006, 3.8848938857e-006, 2.72430520454e-006, 1.7929128262e-006, 1.3719211438e-006, 1.54926283358e-006, 1.63768538641e-006, 1.61384355124e-006, 7.40449820569e-007],
        "dmean2": [0.00244117435068, 0.000985922291875, 0.000271767494269, 0.000993287540041, 0.000955060706474, 0.000215552165173, 0.000317716621794, 0.000662968726829, 0.000303830485791, 0.000543193891644, 0.000452614243841, 0.000159023154993, 0.000162833370268, 5.43292117072e-005, 8.10019992059e-005, 4.86500175612e-005, 6.65568077238e-005, 4.38797687821e-005, 2.39682740357e-005, 1.76551093318e-005, 1.58759594342e-005, 1.46913353092e-005, 1.57559879881e-005, 1.40340016515e-005, 8.45436989039e-006, 1.14982030937e-005, 1.14750037028e-005, 9.02032934391e-006, 5.14982320965e-006, 3.64557422472e-006, 2.94628193842e-006, 3.44084992321e-006, 5.77220680498e-006, 4.04319598601e-006, 2.74412855106e-006, 2.05356673177e-006, 2.27547752729e-006, 2.36799564846e-006, 2.34242202168e-006, 1.06068102923e-006],
        "dvar": [5.17700800629e-006, 7.18643775599e-007, 4.55610269512e-008, 1.48247841025e-006, 1.14881754598e-006, 6.69158595201e-008, 2.83480574126e-007, 1.09658731162e-006, 1.67784577343e-007, 8.15602390958e-007, 8.93073547559e-007, 6.33730152799e-008, 8.44591454552e-008, 7.27280768942e-009, 2.32005277212e-008, 5.66283153702e-009, 1.37595153049e-008, 5.14220754866e-009, 1.03483399627e-009, 7.27597648797e-010, 7.87375054045e-010, 4.99263852483e-010, 3.91423810031e-010, 7.71394115251e-010, 1.43095243987e-010, 2.44885167699e-010, 2.10089112773e-010, 1.09967909778e-010, 3.0818195218e-011, 1.48880994338e-011, 6.76253931325e-012, 7.4794207286e-012, 2.76656770409e-011, 1.13419751022e-011, 5.39437461713e-012, 4.27911395554e-012, 6.8779938342e-012, 6.76218976647e-012, 5.02147498929e-012, 1.1568950008e-012],
        "dvar2": [1.31249762489e-005, 1.79296978331e-006, 1.25549391328e-007, 3.44107206729e-006, 2.77398862636e-006, 1.62178082519e-007, 6.14186774328e-007, 2.60231036009e-006, 3.99226422587e-007, 1.83099575679e-006, 1.98125212592e-006, 1.39794209986e-007, 1.90402488442e-007, 1.73648810886e-008, 5.48952243662e-008, 1.40359386336e-008, 3.27161906455e-008, 1.21008092435e-008, 2.38230102312e-009, 1.67142466534e-009, 1.95255944746e-009, 1.22493293286e-009, 9.78072067781e-010, 1.98889238412e-009, 3.63051949615e-010, 5.83909642859e-010, 4.90686824506e-010, 2.67677963128e-010, 7.47180650684e-011, 3.50637296975e-011, 1.66527451551e-011, 1.72495039086e-011, 6.03033317725e-011, 2.49701422733e-011, 1.25156508421e-011, 9.2040559202e-012, 1.45907140536e-011, 1.33182683631e-011, 1.03120359474e-011, 2.29547956164e-012],
        "max": [0.0269808191806, 0.0100636025891, 0.00399753078818, 0.022372610867, 0.0233194790781, 0.00477718422189, 0.0227641481906, 0.0244166385382, 0.00843120086938, 0.0143919037655, 0.0236392766237, 0.00525063555688, 0.00947017315775, 0.00254390807822, 0.00413850881159, 0.00191770400852, 0.00445928052068, 0.00261919712648, 0.00110513076652, 0.000645279302262, 0.00115522684064, 0.000475994107546, 0.000603950582445, 0.00115076999646, 0.000275147642242, 0.000497620494571, 0.000459597475128, 0.000271174678346, 0.000125814389321, 0.000190338032553, 6.70099761919e-005, 5.477265222e-005, 0.000137674825964, 4.8063659051e-005, 5.97666876274e-005, 8.70824296726e-005, 9.54461502261e-005, 5.38176755072e-005, 5.03945557284e-005, 2.71583940048e-005],
        "mean": [0.00337640172802, 0.001660572947, 0.000263672089204, 0.00097096641548, 0.000877124664839, 0.000197775210836, 0.000293995224638, 0.000609012437053, 0.000299446604913, 0.000482613395434, 0.000391116802348, 0.000148183811689, 0.00014671322424, 4.98198460264e-005, 6.58521894366e-005, 4.39211944467e-005, 5.56269733352e-005, 3.84216873499e-005, 2.21799891733e-005, 1.64671382663e-005, 1.32505829242e-005, 1.27952762341e-005, 1.45874610098e-005, 1.18222133096e-005, 7.84593794378e-006, 1.21527291412e-005, 1.27941502797e-005, 1.01050136436e-005, 5.7764336816e-006, 4.11839528169e-006, 3.56394002665e-006, 4.34814728578e-006, 6.74176908433e-006, 4.63540709461e-006, 3.36809648616e-006, 2.68040707851e-006, 2.90156549454e-006, 3.04660989059e-006, 3.05907406073e-006, 1.44363150412e-006],
        "median": [0.00311221089214, 0.00148392177653, 0.000188993129996, 0.000383647769922, 0.000414094683947, 9.19598896871e-005, 8.38785053929e-005, 0.000168051046785, 0.000108065876702, 0.000115906565043, 6.79337390466e-005, 3.65338019037e-005, 3.38677600666e-005, 1.46156453411e-005, 1.615356814e-005, 1.13256273835e-005, 1.09652437459e-005, 9.21762239159e-006, 6.90256365488e-006, 4.72970577903e-006, 4.18379840994e-006, 4.70196255264e-006, 5.95997562414e-006, 4.68006373922e-006, 3.36215111929e-006, 4.78391757497e-006, 5.68437781112e-006, 5.5693781178e-006, 3.14282442559e-006, 2.45204978455e-006, 2.591103339e-006, 3.36664493261e-006, 4.2588717406e-006, 3.12492829835e-006, 2.53783491644e-006, 1.95099732991e-006, 1.85080432402e-006, 1.79182734428e-006, 1.92052266357e-006, 9.52789605435e-007],
        "min": [5.61638790588e-025, 1.26407081313e-024, 1.14976230417e-024, 1.68562674101e-024, 2.47120342107e-024, 1.510278739e-024, 1.99388281719e-024, 1.4058588973e-024, 1.76201884778e-024, 1.96724120949e-024, 2.96159387242e-024, 2.29125221846e-024, 3.00236693716e-024, 2.79573054228e-024, 3.3283812584e-024, 2.69354071176e-024, 2.45607484384e-024, 3.05106706793e-024, 3.13511940852e-024, 4.32255544155e-024, 4.18564429271e-024, 5.57664391018e-024, 3.60090627431e-024, 3.0823166094e-024, 5.46969251523e-024, 4.58635131712e-024, 4.43997423185e-024, 4.91032939114e-024, 5.1279335164e-024, 5.96840327977e-024, 6.18425928926e-024, 4.65971656459e-024, 5.20292381735e-024, 6.29455111571e-024, 5.24132635507e-024, 5.22651864702e-024, 5.81283675381e-024, 7.05401945804e-024, 5.99447868256e-024, 6.35399967353e-024],
        "var": [1.07362629933e-005, 2.201026291e-006, 7.24282571696e-008, 2.59518333223e-006, 1.99211945073e-006, 1.05126829908e-007, 6.56993222492e-007, 1.95677830561e-006, 3.34705191563e-007, 1.38051950671e-006, 1.47382706928e-006, 1.21654210261e-007, 1.60953774753e-007, 1.1969854441e-008, 3.04917016081e-008, 9.60155599472e-009, 2.1309547904e-008, 8.07313771389e-009, 1.86285231685e-009, 1.36004829621e-009, 1.13392173429e-009, 7.14231784826e-010, 6.62599086709e-010, 7.60504881292e-010, 2.0042301152e-010, 5.17042020309e-010, 5.16727272082e-010, 2.32566452207e-010, 6.2669480716e-011, 3.17349271861e-011, 1.33947453823e-011, 1.51809762677e-011, 5.72887362549e-011, 2.05668884701e-011, 1.00902584899e-011, 8.23343389994e-012, 1.4489325538e-011, 1.71251589298e-011, 1.24267618765e-011, 3.07300148869e-012]
    },
    "mfcc": {
        "mean": [-620.858825684, 97.9785690308, 25.677772522, 15.9505987167, -3.92520904541, 2.66823935509, 2.94296216965, 6.73501348495, 2.01952171326, 7.52331066132, 2.52778816223, -2.0111811161, -0.713956236839],
        "cov": [[3459.7800293, -13.1436328888, -24.4968166351, -52.2867851257, 88.390007019, 119.871116638, 84.5846252441, 116.005096436, 58.6761741638, 112.755371094, 124.618453979, 5.86869955063, 36.3376541138], [-13.1436328888, 580.278869629, -98.5604782104, 39.61951828, -19.2458820343, 20.4208812714, 81.2429275513, 87.4443740845, 40.0114784241, 50.0781173706, 47.7134284973, 40.4887580872, -4.39559268951], [-24.4968166351, -98.5604782104, 670.438293457, 46.9781723022, 20.6456184387, -25.0162410736, -54.7438392639, 19.8761024475, 41.845287323, 6.38923740387, 15.0277051926, 34.4543304443, 53.0520362854], [-52.2867851257, 39.61951828, 46.9781723022, 279.787567139, 134.488815308, 16.2933559418, -23.8002586365, 7.16679668427, 54.3831825256, 35.1576385498, -19.6422348022, 38.9401168823, 64.6443481445], [88.390007019, -19.2458820343, 20.6456184387, 134.488815308, 293.061828613, 96.4308624268, 0.743767559528, 46.2937011719, 75.6432800293, 44.2862854004, 20.4559211731, 33.29114151, 38.2685241699], [119.871116638, 20.4208812714, -25.0162410736, 16.2933559418, 96.4308624268, 225.263427734, 132.186126709, 72.1748733521, 33.0856895447, 13.2258291245, 54.9923973083, 21.8211765289, 0.450555622578], [84.5846252441, 81.2429275513, -54.7438392639, -23.8002586365, 0.743767559528, 132.186126709, 245.482330322, 118.04094696, 5.24093389511, 25.7344551086, 53.9777793884, 20.86784935, -3.57131719589], [116.005096436, 87.4443740845, 19.8761024475, 7.16679668427, 46.2937011719, 72.1748733521, 118.04094696, 208.057006836, 98.4998626709, 31.5460681915, 53.7878379822, 29.6232280731, 13.0187950134], [58.6761741638, 40.0114784241, 41.845287323, 54.3831825256, 75.6432800293, 33.0856895447, 5.24093389511, 98.4998626709, 178.961257935, 79.2964477539, 22.2843036652, 27.4544258118, 17.7102451324], [112.755371094, 50.0781173706, 6.38923740387, 35.1576385498, 44.2862854004, 13.2258291245, 25.7344551086, 31.5460681915, 79.2964477539, 150.489151001, 54.9174003601, 11.467754364, 5.90835857391], [124.618453979, 47.7134284973, 15.0277051926, -19.6422348022, 20.4559211731, 54.9923973083, 53.9777793884, 53.7878379822, 22.2843036652, 54.9174003601, 131.6434021, 50.6393318176, -1.78769731522], [5.86869955063, 40.4887580872, 34.4543304443, 38.9401168823, 33.29114151, 21.8211765289, 20.86784935, 29.6232280731, 27.4544258118, 11.467754364, 50.6393318176, 116.202682495, 56.2442550659], [36.3376541138, -4.39559268951, 53.0520362854, 64.6443481445, 38.2685241699, 0.450555622578, -3.57131719589, 13.0187950134, 17.7102451324, 5.90835857391, -1.78769731522, 56.2442550659, 128.794891357]],
